-0.662814490356 -0.397120386666 
-0.204264938911 -0.0313641504542 
-0.318836828848 -0.241488038124 
0.114083686228 0.0815868352901 
0.045777635425 0.151643604975 
-0.0448422637918 0.106374534849 
0.36504245504 0.434606370671 
0.201418639504 0.140472415874 
0.14240059824 0.113671575441 
-0.406794934654 -0.258918079677 
0.0668308497329 0.168069622331 
-0.0688119447198 0.0535204782988 
0.0110288194932 -0.0833759815887 
-0.114754500904 0.0661288845921 
0.0250269069311 -0.013759587691 
0.193359171325 0.0499676847229 
0.142212393669 0.196112357781 
-0.297072214689 -0.140884046604 
-0.264755542162 -0.20062431463 
-0.192210752263 -0.148840933173 
-0.37661078 -0.209513400933 
-0.0996833444554 0.0470455844338 
0.152897347334 0.324687512373 
0.0196598108737 0.131365704146 
-0.308290057504 -0.158545776293 
-0.118546258806 -0.00605215500334 
0.0208876548552 0.140870765511 
0.187177683377 0.224860249231 
-0.108334929344 0.0544756333554 
-0.353506879311 -0.242410060182 
0.061002818425 0.138866113383 
-0.00400068488415 0.103466188674 
0.0175432902233 0.117360315066 
0.0370544725345 0.138514853071 
0.0821466457766 0.168890504746 
0.160658564429 0.178138178258 
-0.184927443945 0.0222191542544 
0.0639338476822 0.0444485726348 
-0.0976038384124 0.0777568157739 
-0.134504420018 -0.0103062432715 
-0.0053612395469 -0.0462544117988 
0.07632960364 0.172360019149 
0.0887701136858 0.174099404508 
-0.085554431591 0.0733938780656 
-0.0747691528217 0.036104546678 
0.245176847928 0.171764021647 
-0.170496269251 -0.0133166478718 
0.0386744226966 0.0934760332353 
0.405573827947 0.332796270469 
0.390918024645 0.342504336335 
0.281621234976 0.26497039468 
-0.483757944786 -0.322044143656 
-0.542735990068 -0.246291772787 
-0.329051039242 -0.164805644851 
0.111805028064 -0.362073198669 
0.0958002352698 0.131907720415 
-0.147104750381 -0.122154138488 
0.188087236921 0.134001391165 
0.22135172982 0.230021972749 
0.00479206711728 0.113135197717 
0.341333663039 0.271266303244 
0.451499277585 -0.86574227642 
-0.205465850102 -0.103145476109 
-0.773804820619 -0.579187065772 
-0.101825430091 0.0611453497067 
0.186474105047 0.076477888297 
0.365316609741 0.316437614334 
-0.188917959905 -0.136197128527 
0.236469197144 0.360454881816 
-0.0474308652435 0.0446840764358 
