-0.375 -0.425 
-0.3 0.025 
-0.425 -0.25 
0.525 0.45 
0.05 0.2 
0.075 0.075 
-0.175 0.05 
0.1 0.175 
-0.4 0 
0.2 -0.1 
0.15 0 
-0.35 -0.35 
-0.3 -0.1 
-0.075 0.2 
-0.05 -0.125 
0.15 0.275 
0.475 0.5 
-0.475 -0.025 
-0.625 -0.65 
-0.2 -0.475 
-0.125 0 
-0.1 0.175 
-0.5 0.2 
0.175 0.3 
-0.2 -0.025 
0 0.075 
-0.175 -0.025 
0.575 0.6 
0 -0.325 
-0.275 -0.325 
-0.225 -0.2 
0.1 0.025 
0.225 0.375 
0.175 0.125 
0.375 0.55 
0.25 0.275 
-0.175 -0.125 
0.35 -0.375 
-0.475 0 
-0.325 -0.1 
0.025 -0.15 
-0.2 -0.025 
0.225 0.45 
-0.05 0.225 
-0.375 0.125 
-0.075 0.175 
-0.275 0.05 
-0.025 0.1 
0.375 0.4 
0.225 0.45 
0.55 0.5 
-0.25 -0.075 
-0.675 -0.125 
-0.3 -0.4 
-0.525 -0.125 
0.225 0.1 
-0.35 -0.075 
0.575 -0.425 
0.075 0.325 
0.1 0.3 
0.3 0.35 
0.575 -0.2 
-0.05 -0.225 
-0.675 -0.55 
-0.3 0.15 
0.6 -0.4 
0.4 0.4 
-0.275 0.275 
0.1 0.225 
0.55555 0.222225 
