-0.0765939950943
-0.0186847448349
-0.0357095003128
-0.0259783267975
-0.107429027557
-0.0836596488953
-0.0133548974991
-0.0533534288406
-0.0419833660126
-0.0702559947968
-0.127153992653
-0.00400841236115
-0.00246918201447
-0.019872546196
-0.0175168514252
-0.0227388143539
-0.106311321259
-0.0273885726929
-0.0251928567886
-0.0250552892685
-0.0145077705383
-0.0118007659912
-0.0170661211014
-0.00322532653809
-0.00725412368774
-0.0723782777786
-0.0113571882248
-0.0749779939651
-0.00880753993988
-0.0105450153351
-0.0281785726547
-0.00708520412445
-0.047080039978
-0.027431845665
-0.022659778595
-0.0496464967728
-0.00272250175476
-0.0437631607056
-0.0569676160812
-0.00357413291931
-0.026174902916
-0.0092625617981
-0.0676975250244
-0.0297584533691
-0.0169423818588
-0.0144798755646
-0.0337544679642
-0.0286695957184
-0.0897605419159
-0.0368883609772
-0.0394607782364
-0.00842177867889
-0.0641626119614
-0.266372203827
-0.0422163009644
-0.0220997333527
-0.0105398893356
-0.0118715763092
-0.0205142498016
-0.0378155708313
-0.0129539966583
-0.0334377288818
-0.00645399093628
-0.0452660322189
-0.0299865007401
-0.0106078386307
-0.0578558444977
-0.0038388967514
-0.016281247139
-0.0859577655792
