100.572911044
100.286550242
99.7413132149
95.1016805621
88.8191353889
81.4341800775
77.4084951156
72.30811205
65.5554324859
61.4833726708
59.6258652745
57.2804179193
55.7533274155
54.2449937229
52.7326615806
50.8837469213
49.6769659857
48.3623579357
46.9409259953
45.7137548963
44.115551534
43.2279976892
42.3611513598
41.6786270859
41.2189015977
41.1567233324
40.6626938518
40.0556884174
39.4000689613
39.0519648608
38.6767523834
38.3580662263
37.9483117678
37.8060631081
37.5687116984
37.2797535599
36.9943645337
36.7305049174
36.5754774935
36.5086462458
36.3953703281
36.257584128
36.0924790092
35.8432728351
35.7142613717
35.5524076721
35.4673466104
35.3713758235
35.2827632674
35.1818958227
35.079756943
34.9802133233
34.9374663488
34.8754741116
34.8025212671
34.7266861145
34.6847588012
34.6239925865
34.5373101941
34.4175941519
34.3318052837
34.2322158382
34.1066969154
34.044286119
33.9617330342
33.883834397
33.8388134041
33.8191575356
33.7924299173
33.7671692437
33.7409585163
33.7102460022
33.6802949102
33.6421330157
33.6007766632
33.5706739248
33.5465409316
33.5177493485
33.4995089313
33.47557352
33.4417516024
33.4042451264
33.3639931221
33.3291770262
33.2963684543
33.260293255
33.2377526916
33.2228744697
33.2079345745
33.1925804063
33.1766308669
33.1613895255
33.1486753142
33.1332905109
33.110417886
33.0836146202
33.0578642469
33.0395807996
33.0172776528
32.9989960528
32.9740357909
32.9498299068
32.9263687867
32.9045408794
32.8838334414
32.8614254853
32.8393133701
32.8193344985
32.8027414839
32.7884331229
32.777107818
32.7635660569
32.753418113
32.7442203901
32.7342660488
32.7254601987
32.7177573736
32.7096481319
32.7008967481
32.6936261912
32.6871807849
32.6809688607
32.6748838402
32.6693705443
32.6646364092
32.6602129625
32.6557410799
32.6507654452
32.6450202294
32.6389421965
32.6333037551
32.6283320699
32.6235357107
32.6172419677
32.6100733843
32.6025021147
32.5953217918
32.588502577
32.5814575518
32.5756154711
32.5705505764
32.5638540812
32.5539331278
32.5479669278
32.539095006
32.5271779498
32.5196753009
32.5164271748
32.5133484263
32.5103364782
32.5079214753
32.5052790106
32.5021430856
32.4988818139
32.4960108707
32.493324473
32.490336575
32.4870233307
32.4836042479
32.4801805003
32.4766838193
32.4727785545
32.4687580421
32.4655530505
32.4633526125
32.4614272268
32.4591343433
32.4563610242
32.4533335281
32.4501333186
32.4464321664
32.4421022743
32.4371281361
32.4320395054
32.4269893972
32.422282769
32.4175000263
32.4117081414
32.4065421527
32.4051065965
32.4026597996
32.3987966924
32.3954639452
32.3927038677
32.3881216298
32.380933454
32.3726282929
32.3666001174
32.360275406
32.3527809836
32.3474277514
32.3410839021
32.3353537842
32.3275655887
32.3189692373
32.3137692977
32.3081332025
32.3056218149
32.3018031869
32.2973257342
32.2937947106
32.2884922448
32.2830429273
32.2788271639
32.2725273023
32.2659264563
32.2603917633
32.2559019521
32.2519216653
32.247375931
32.2405954193
32.2328008781
32.2265763465
32.2218374297
32.2181572658
32.2146796506
32.2115808542
32.2089938098
32.2065402807
32.2035725172
32.2000928921
32.196052129
32.192661109
32.187892975
32.1829483
32.1775690576
32.1725446031
32.1681782994
32.1646457944
32.1614348081
32.1582766749
32.155409792
32.152102113
32.1480465715
32.1426193545
32.1339274304
32.0871826683
32.0869263025
32.0774132197
32.0609394744
32.0370162712
32.0199862678
32.0083753998
31.9972283558
31.9800680632
31.962337868
31.9597492794
31.9558706073
31.9498273744
31.9415321272
31.9359236116
31.9320043274
31.9269203679
31.9202384552
31.9148540015
31.9089956955
31.9019403583
31.895452978
31.8899834782
31.8846715945
31.8783379633
31.8725114297
31.8651632007
31.8584923259
31.8519447767
31.8444818211
31.8361150951
31.8270947548
31.8178918362
31.8115807069
31.8077319675
31.8046245691
31.8017661894
31.7991303347
31.7955793568
31.7908085883
31.7856834283
31.7803721005
31.7740124673
31.7674210972
31.7603744978
31.7538729131
31.7471928021
31.7368949482
31.7199154776
31.6970794356
31.6779314686
31.6661582412
31.6492993875
31.6324162482
31.6258829902
31.6175902419
31.6076346423
31.5993793337
31.5888328456
31.582299844
31.5724903129
31.5619976448
31.5577845588
31.5531450344
31.5473952802
31.5447682603
31.5423476613
31.5389347666
31.5353926658
31.5324264564
31.5296131555
31.5269554218
31.5231791833
31.5184072514
31.5143751203
31.5113849312
31.5072151571
31.5039880653
31.5009318942
31.4964963531
31.4923469016
31.4881307136
31.4839204235
31.4803021079
31.4772833027
31.4745249585
31.4720459609
31.4701797777
31.4689689992
31.4674779576
31.4658649321
31.4644686651
31.463352452
31.462429988
31.4615219236
31.4605467309
31.4594953741
31.4584215644
31.4574617178
31.4566939926
31.4560837833
31.455602288
31.4551898169
31.4548471132
31.4545193516
31.454147339
31.4537324925
31.4533268743
31.4529388552
31.4525031948
31.452005964
31.4515295138
31.4511061219
31.4507570843
31.4504238047
31.4500216799
31.4495840556
31.4491489718
31.4487865434
31.4485236395
31.4483032746
31.4480370825
31.4476581344
31.4471943083
31.4466402555
31.4458109423
31.4451287832
31.4441309275
31.4426298721
31.4407064506
31.4395396822
31.4386884374
31.4378929634
31.4372385597
31.4361780487
31.4348853839
31.4343428007
31.4337627779
31.4333657867
31.4328436431
31.4323019136
31.4317781745
31.431287717
31.4308011162
31.4303691089
31.4299333681
31.4293067061
31.4283031181
31.426713802
31.4244551696
31.4225228273
31.4204905602
31.4180549163
31.415266024
31.4121015111
31.4090105515
31.4072021453
31.4067365009
31.4062123479
31.4053471763
31.4041792629
31.4034809344
31.4025861381
31.4019052271
31.4015224581
31.4011889952
31.4006774773
31.4000081303
31.399127562
31.3979007604
31.3967607389
31.3958070226
31.3949475809
31.3938936407
31.3925492788
31.3910592643
31.3896130919
31.3880413024
31.3861140225
31.3842630601
31.3813571457
31.3787624853
31.3772074141
31.3750996806
31.3734022202
31.3727028579
31.3719237827
31.371409415
31.3711130046
31.3706498901
31.370132622
31.3696377561
31.3688569839
31.3678446664
31.3671130154
31.3663504703
31.3657048675
31.3652818691
31.3650078271
31.3648072708
31.3646045393
31.3643378545
31.3639363875
31.3634249613
31.3628362547
31.3622832011
31.3618485022
31.3614781379
31.3610995007
31.3606792977
31.3601889221
31.3597086598
31.3593210629
31.3590471562
31.3588636176
31.3586613535
31.3583275515
31.3578219095
31.3572390456
31.3567180242
31.3560477351
31.3555240309
31.3552173377
31.3547623572
31.3541171315
31.3532783892
31.3520688356
31.3500888102
31.3469879566
31.3431056846
31.3407316912
31.3396213201
31.3393843053
31.3392294467
31.338985326
31.3385535428
31.3377895197
31.3364679337
31.3344004971
31.3332060031
31.332069221
31.3316987766
31.3312664844
31.3307559862
31.3300440103
31.3288515348
31.3269143338
31.324478121
31.3232209819
31.3214930245
31.3192679161
31.3179444212
31.3162899835
31.3136729312
31.3104929787
31.308520237
31.3066151747
31.3059066162
31.3053390605
31.3048378586
31.3045007273
31.3042504023
31.303948563
